0 3.210215 19.915281 3.020806 -0.958016 -0.095387 -0.120344
1 3.364832 20.952209 4.061187 -0.935444 -0.108902 -0.115313
2 3.332329 21.929948 2.832856 -0.945853 -0.101602 -0.123895
3 3.148264 22.986275 0.566063 -0.951379 -0.102490 -0.124388
4 3.277150 23.953494 1.683816 -0.943114 -0.104068 -0.123599
5 3.266140 24.953041 0.980455 -0.943607 -0.106830 -0.120936
6 3.268252 25.945707 1.191281 -0.939497 -0.110677 -0.117582
7 3.214597 26.984438 4.664269 -0.944729 -0.096374 -0.128334
8 3.111367 27.970403 2.573026 -0.952363 -0.098149 -0.128630
9 2.995625 28.972983 1.128459 -0.951886 -0.108606 -0.118568
0 2.967414 29.973468 0.848021 -0.953083 -0.107816 -0.117878
1 2.975917 30.968700 -0.854885 -0.950607 -0.112749 -0.117286
2 3.043807 31.959407 -1.565962 -0.946494 -0.105054 -0.120837
3 3.083113 32.962277 4.167885 -0.943274 -0.100714 -0.120739
4 2.816910 33.962359 2.910573 -0.954171 -0.099235 -0.126263
5 2.846106 34.970349 4.075208 -0.952807 -0.101701 -0.124586
6 2.876264 35.965983 3.880171 -0.953290 -0.104561 -0.125868
7 2.797414 36.966481 3.386274 -0.953874 -0.103575 -0.124092
8 2.889005 37.968438 3.163686 -0.948496 -0.099136 -0.121922
9 2.873501 38.953272 0.974426 -0.946070 -0.096177 -0.120443
10 2.885009 39.957103 0.395576 -0.945017 -0.097262 -0.121626
11 2.937642 40.964049 4.469372 -0.941120 -0.101207 -0.129518
12 3.041847 41.957021 -1.188518 -0.932320 -0.102983 -0.129025
13 2.951337 42.956621 0.768905 -0.934314 -0.101405 -0.123599
14 2.989718 43.954813 2.117002 -0.930025 -0.100517 -0.126953
15 3.051573 44.955728 3.906149 -0.921982 -0.102292 -0.127052
16 3.072369 45.966787 -1.244201 -0.916800 -0.102391 -0.126164
17 2.941720 46.957092 3.272637 -0.929323 -0.101405 -0.127545
18 3.134439 47.955217 -0.495933 -0.887249 -0.102194 -0.128630
19 3.142072 48.943425 -0.362510 -0.877605 -0.101799 -0.126164
20 3.174584 49.941863 1.282376 -0.857900 -0.103673 -0.125079
