0 3.327712 20.018642 0.593487 -0.946322 -0.101010 -0.133858
1 3.315591 20.985737 1.417801 -0.940067 -0.093020 -0.132576
2 3.205135 21.956761 1.665175 -0.947124 -0.096670 -0.128630
3 3.217261 22.946761 3.444589 -0.948608 -0.103772 -0.122021
4 3.196788 24.004204 4.533138 -0.944847 -0.101602 -0.126361
5 3.246771 25.002219 -0.795166 -0.945259 -0.099235 -0.125178
6 3.270920 25.991627 -1.144454 -0.944608 -0.099826 -0.126460
7 3.224277 26.973945 2.062315 -0.947300 -0.105252 -0.122613
8 3.128379 27.971524 2.059717 -0.950254 -0.103871 -0.123501
9 3.124950 28.976558 3.899763 -0.947696 -0.094204 -0.134351
10 3.045905 29.966640 -0.710230 -0.948165 -0.111170 -0.114919
11 2.984087 30.965620 2.913402 -0.953443 -0.093217 -0.133858
12 2.967475 31.968817 1.898352 -0.950189 -0.098643 -0.125276
13 3.011640 32.968850 1.179746 -0.946704 -0.102292 -0.125868
14 3.004588 33.977118 -0.683459 -0.948285 -0.107718 -0.121824
15 2.901949 34.972751 4.046779 -0.951622 -0.102687 -0.124586
16 2.864507 35.974377 -0.713747 -0.951306 -0.103378 -0.127249
17 2.828482 36.969713 0.074183 -0.952628 -0.101010 -0.127644
18 2.932601 37.968094 -1.365277 -0.947637 -0.097755 -0.130603
19 2.852701 38.955081 0.400471 -0.949625 -0.096374 -0.123007
20 2.906461 39.963457 1.384562 -0.944436 -0.099136 -0.119456
21 2.929684 40.956977 -0.714926 -0.942866 -0.101997 -0.127348
22 2.993502 41.965083 1.719468 -0.934872 -0.100813 -0.120739
23 3.037593 42.951495 3.226439 -0.931043 -0.101405 -0.127940
24 3.119025 43.966579 -1.287585 -0.917834 -0.104167 -0.127446
25 3.121408 44.962101 4.008305 -0.910857 -0.104068 -0.125967
26 3.032233 45.961137 3.819502 -0.922308 -0.101701 -0.127742
27 3.059481 46.948277 1.299732 -0.911106 -0.102786 -0.127545
28 3.078759 47.969017 4.388494 -0.898839 -0.101701 -0.128038
29 3.134001 48.974395 4.261496 -0.873521 -0.100320 -0.128137
30 3.159833 49.960354 2.472665 -0.866370 -0.102588 -0.127545
