0 3.147552 20.040026 -0.127532 -0.963901 -0.113340 -0.125572
1 3.197042 20.971579 1.628314 -0.945857 -0.093711 -0.131195
2 3.301198 21.987219 0.913477 -0.941959 -0.100911 -0.128137
3 3.260165 22.953422 1.106647 -0.943386 -0.101207 -0.125178
4 3.093873 23.985692 3.885590 -0.954541 -0.102391 -0.124586
5 3.153025 24.960411 0.715950 -0.949102 -0.106337 -0.120640
6 3.227998 25.943643 0.968397 -0.941726 -0.111072 -0.116102
7 3.228258 26.974372 2.201625 -0.947649 -0.101997 -0.123303
8 3.110700 27.985731 3.579789 -0.948064 -0.093020 -0.131984
9 3.002823 28.969272 2.711194 -0.952743 -0.095289 -0.131984
10 3.083504 29.966555 -0.862217 -0.948733 -0.108902 -0.117681
11 2.995731 30.968306 2.408559 -0.950468 -0.094993 -0.132378
12 3.026945 31.963098 3.179146 -0.949760 -0.094302 -0.127940
13 3.082885 32.981184 -0.280759 -0.944430 -0.110184 -0.120344
14 3.006304 33.960797 1.502480 -0.946268 -0.104857 -0.126065
15 3.018911 34.979587 0.037915 -0.944050 -0.103575 -0.125769
16 2.919924 35.953678 1.554289 -0.946726 -0.100616 -0.120837
17 2.878446 36.962435 -0.197867 -0.947470 -0.099333 -0.125769
18 2.963152 37.956308 0.652856 -0.940614 -0.096571 -0.121528
21 2.860115 39.968015 1.158964 -0.945106 -0.095190 -0.118470
22 2.896255 40.957247 -1.152491 -0.944762 -0.098643 -0.127249
23 3.040679 41.965146 0.440339 -0.930703 -0.100813 -0.120936
24 3.002642 42.950270 -1.293407 -0.931363 -0.101503 -0.126361
25 3.065336 43.956009 1.257001 -0.920962 -0.100517 -0.122120
26 3.137666 44.963790 -0.025321 -0.905323 -0.101602 -0.122909
27 3.081247 45.971738 3.878784 -0.910403 -0.100122 -0.125375
28 3.156904 46.940789 2.496454 -0.887076 -0.099728 -0.122810
29 3.068199 47.974009 3.832406 -0.902393 -0.099629 -0.124882
30 3.089661 48.942042 1.395357 -0.890146 -0.103279 -0.122909
31 3.110060 49.943706 0.264871 -0.875856 -0.101898 -0.123303
32 2.884986 38.965595 4.667604 -0.946026 -0.094993 -0.125079
